Tiempo	Setpoint (%)	Error	Salida (%)	Ley de Control
0.00	0.00	0.00	0.00	0.00
1.00	0.00	0.00	0.00	0.00
2.00	25.00	25.00	0.00	0.00
3.00	25.00	25.00	0.00	10.76
4.00	25.00	20.06	4.94	17.82
5.00	25.00	13.28	11.72	22.76
6.00	25.00	6.31	18.69	25.50
7.00	25.00	0.23	24.77	26.25
8.00	25.00	-4.28	29.28	25.42
9.00	25.00	-6.96	31.96	23.54
10.00	25.00	-7.91	32.91	21.18
11.00	25.00	-7.43	32.43	18.81
12.00	25.00	-5.98	30.98	16.78
13.00	25.00	-4.02	29.02	15.30
14.00	25.00	-1.99	26.99	14.46
15.00	25.00	-0.19	25.19	14.20
16.00	25.00	1.16	23.84	14.41
17.00	25.00	1.98	23.02	14.93
18.00	25.00	2.29	22.71	15.62
19.00	25.00	2.18	22.82	16.31
20.00	25.00	1.78	23.22	16.91
21.00	25.00	1.22	23.78	17.35
22.00	25.00	0.62	24.38	17.61
23.00	25.00	0.09	24.91	17.70
24.00	25.00	-0.31	25.31	17.65
25.00	25.00	-0.56	25.56	17.50
26.00	25.00	-0.66	25.66	17.30
27.00	25.00	-0.64	25.64	17.10
28.00	25.00	-0.53	25.53	16.92
29.00	25.00	-0.37	25.37	16.79
30.00	25.00	-0.19	25.19	16.71
31.00	25.00	-0.04	25.04	16.68
32.00	25.00	0.08	24.92	16.70
33.00	25.00	0.16	24.84	16.74
34.00	25.00	0.19	24.81	16.79
35.00	25.00	0.19	24.81	16.85
36.00	25.00	0.16	24.84	16.90
37.00	25.00	0.11	24.89	16.94
38.00	25.00	0.06	24.94	16.97
39.00	25.00	0.01	24.99	16.98
40.00	25.00	-0.02	25.02	16.98
41.00	25.00	-0.04	25.05	16.96
42.00	25.00	-0.06	25.06	16.95
43.00	25.00	-0.05	25.06	16.93
44.00	25.00	-0.05	25.05	16.92
45.00	25.00	-0.03	25.03	16.90
46.00	25.00	-0.02	25.02	16.90
47.00	25.00	-0.01	25.01	16.89
48.00	25.00	0.01	24.99	16.89
49.00	25.00	0.01	24.99	16.90
50.00	25.00	0.02	24.98	16.90
51.00	25.00	0.02	24.98	16.91
52.00	25.00	0.01	24.99	16.91
53.00	25.00	0.01	24.99	16.91
54.00	25.00	0.01	24.99	16.92
55.00	25.00	0.00	25.00	16.92
56.00	25.00	0.00	25.00	16.92
57.00	25.00	0.00	25.00	16.92
58.00	25.00	0.00	25.00	16.92
59.00	25.00	0.00	25.00	16.91
60.00	25.00	0.00	25.00	16.91
61.00	25.00	0.00	25.00	16.91
62.00	25.00	0.00	25.00	16.91
63.00	25.00	0.00	25.00	16.91
64.00	25.00	0.00	25.00	16.91
65.00	25.00	0.00	25.00	16.91
66.00	25.00	0.00	25.00	16.91
67.00	25.00	0.00	25.00	16.91
68.00	25.00	0.00	25.00	16.91
69.00	25.00	0.00	25.00	16.91
70.00	25.00	0.00	25.00	16.91
71.00	25.00	0.00	25.00	16.91
72.00	25.00	0.00	25.00	16.91
73.00	25.00	0.00	25.00	16.91
74.00	25.00	0.00	25.00	16.91
75.00	25.00	0.00	25.00	16.91
76.00	25.00	0.00	25.00	16.91
77.00	25.00	0.00	25.00	16.91
78.00	25.00	0.00	25.00	16.91
79.00	25.00	0.00	25.00	16.91
80.00	25.00	0.00	25.00	16.91
81.00	25.00	0.00	25.00	16.91
82.00	25.00	0.00	25.00	16.91
83.00	25.00	0.00	25.00	16.91
84.00	25.00	0.00	25.00	16.91
85.00	25.00	0.00	25.00	16.91
86.00	25.00	0.00	25.00	16.91
87.00	25.00	0.00	25.00	16.91
88.00	25.00	0.00	25.00	16.91
89.00	25.00	0.00	25.00	16.91
90.00	25.00	0.00	25.00	16.91
91.00	25.00	0.00	25.00	16.91
92.00	25.00	0.00	25.00	16.91
93.00	25.00	0.00	25.00	16.91
94.00	25.00	0.00	25.00	16.91
95.00	25.00	0.00	25.00	16.91
96.00	25.00	0.00	25.00	16.91
97.00	25.00	0.00	25.00	16.91
98.00	25.00	0.00	25.00	16.91
99.00	25.00	0.00	25.00	16.91
100.00	25.00	0.00	25.00	16.91
101.00	25.00	0.00	25.00	16.91
102.00	25.00	0.00	25.00	16.91
103.00	25.00	0.00	25.00	16.91
104.00	25.00	0.00	25.00	16.91
105.00	25.00	0.00	25.00	16.91
106.00	25.00	0.00	25.00	16.91
107.00	25.00	0.00	25.00	16.91
108.00	25.00	0.00	25.00	16.91
109.00	25.00	0.00	25.00	16.91
110.00	25.00	0.00	25.00	16.91
111.00	25.00	0.00	25.00	16.91
112.00	25.00	0.00	25.00	16.91
113.00	25.00	0.00	25.00	16.91
114.00	25.00	0.00	25.00	16.91
115.00	25.00	0.00	25.00	16.91
116.00	25.00	0.00	25.00	16.91
117.00	25.00	0.00	25.00	16.91
118.00	25.00	0.00	25.00	16.91
119.00	25.00	0.00	25.00	16.91
120.00	25.00	0.00	25.00	16.91
121.00	25.00	0.00	25.00	16.91
122.00	25.00	9.63	15.37	16.91
123.00	25.00	9.63	15.37	21.06
124.00	25.00	7.73	17.27	23.78
125.00	25.00	5.12	19.88	25.68
126.00	25.00	2.43	22.57	26.74
127.00	25.00	3.05	21.95	27.02
128.00	25.00	3.54	21.46	27.98
129.00	25.00	4.88	20.12	29.05
130.00	25.00	6.24	18.76	30.63
131.00	25.00	5.15	19.85	32.59
132.00	25.00	4.46	20.54	33.88
133.00	25.00	2.36	22.64	35.04
134.00	25.00	0.39	24.61	35.39
135.00	25.00	-1.14	26.14	35.21
136.00	25.00	-2.09	27.09	34.67
137.00	25.00	-2.48	27.48	33.93
138.00	25.00	-2.40	27.40	33.18
139.00	25.00	-1.99	26.99	32.51
140.00	25.00	-1.39	26.39	32.01
141.00	25.00	-0.74	25.74	31.70
142.00	25.00	-0.15	25.15	31.59
143.00	25.00	0.30	24.70	31.63
144.00	25.00	0.59	24.41	31.79
145.00	25.00	0.72	24.28	32.00
146.00	25.00	0.70	24.30	32.22
147.00	25.00	0.59	24.41	32.41
148.00	25.00	0.42	24.58	32.56
149.00	25.00	0.23	24.77	32.66
150.00	25.00	0.06	24.94	32.69
151.00	25.00	-0.08	25.08	32.68
152.00	25.00	-0.17	25.17	32.64
153.00	25.00	-0.21	25.21	32.58
154.00	25.00	-0.21	25.21	32.52
155.00	25.00	-0.17	25.17	32.46
156.00	25.00	-0.13	25.13	32.41
157.00	25.00	-0.07	25.07	32.39
158.00	25.00	-0.02	25.02	32.37
159.00	25.00	0.02	24.98	32.38
160.00	25.00	0.05	24.95	32.39
161.00	25.00	0.06	24.94	32.41
162.00	25.00	0.06	24.94	32.42
163.00	25.00	0.05	24.95	32.44
164.00	25.00	0.04	24.96	32.45
165.00	25.00	0.02	24.98	32.46
166.00	25.00	0.01	24.99	32.47
167.00	25.00	-0.01	25.01	32.47
168.00	25.00	-0.01	25.01	32.46
169.00	25.00	-0.02	25.02	32.46
170.00	25.00	-0.02	25.02	32.45
171.00	25.00	-0.02	25.02	32.45
172.00	25.00	-0.01	25.01	32.44
173.00	25.00	-0.01	25.01	32.44
174.00	25.00	0.00	25.00	32.44
175.00	25.00	0.00	25.00	32.44
176.00	25.00	0.00	25.00	32.44
177.00	25.00	0.00	25.00	32.44
178.00	25.00	0.01	24.99	32.44
179.00	25.00	0.00	25.00	32.45
180.00	25.00	0.00	25.00	32.45
181.00	25.00	0.00	25.00	32.45
182.00	25.00	0.00	25.00	32.45
183.00	25.00	0.00	25.00	32.45
184.00	25.00	0.00	25.00	32.45
185.00	25.00	0.00	25.00	32.45
186.00	25.00	0.00	25.00	32.45
187.00	25.00	0.00	25.00	32.45
188.00	25.00	0.00	25.00	32.45
189.00	25.00	0.00	25.00	32.45
190.00	25.00	0.00	25.00	32.45
191.00	25.00	0.00	25.00	32.45
192.00	25.00	0.00	25.00	32.45
193.00	25.00	0.00	25.00	32.45
194.00	25.00	0.00	25.00	32.45
195.00	25.00	0.00	25.00	32.45
196.00	25.00	0.00	25.00	32.45
197.00	25.00	0.00	25.00	32.45
198.00	25.00	0.00	25.00	32.45
199.00	25.00	0.00	25.00	32.45
200.00	25.00	0.00	25.00	32.45
201.00	25.00	0.00	25.00	32.45
202.00	25.00	0.00	25.00	32.45
203.00	25.00	0.00	25.00	32.45
204.00	25.00	0.00	25.00	32.45
205.00	25.00	0.00	25.00	32.45
206.00	25.00	0.00	25.00	32.45
207.00	25.00	0.00	25.00	32.45
208.00	25.00	0.00	25.00	32.45
209.00	25.00	0.00	25.00	32.45
210.00	25.00	0.00	25.00	32.45
211.00	25.00	0.00	25.00	32.45
212.00	25.00	0.00	25.00	32.45
213.00	25.00	0.00	25.00	32.45
214.00	25.00	0.00	25.00	32.45
215.00	25.00	0.00	25.00	32.45
216.00	25.00	0.00	25.00	32.45
217.00	25.00	0.00	25.00	32.45
218.00	25.00	0.00	25.00	32.45
219.00	25.00	0.00	25.00	32.45
220.00	25.00	0.00	25.00	32.45
221.00	25.00	0.00	25.00	32.45
222.00	25.00	0.00	25.00	32.45
223.00	25.00	0.00	25.00	32.45
224.00	25.00	0.00	25.00	32.45
225.00	25.00	0.00	25.00	32.45
226.00	25.00	0.00	25.00	32.45
227.00	25.00	0.00	25.00	32.45
228.00	25.00	0.00	25.00	32.45
229.00	25.00	0.00	25.00	32.45
230.00	25.00	0.00	25.00	32.45
231.00	25.00	0.00	25.00	32.45
232.00	25.00	0.00	25.00	32.45
233.00	25.00	0.00	25.00	32.45
234.00	25.00	0.00	25.00	32.45
235.00	25.00	0.00	25.00	32.45
236.00	25.00	0.00	25.00	32.45
237.00	25.00	0.00	25.00	32.45
238.00	25.00	0.00	25.00	32.45
239.00	25.00	0.00	25.00	32.45
240.00	25.00	0.00	25.00	32.45
241.00	25.00	0.00	25.00	32.45
242.00	25.00	0.00	25.00	32.45
243.00	25.00	0.00	25.00	32.45
244.00	25.00	0.00	25.00	32.45
245.00	25.00	0.00	25.00	32.45
246.00	25.00	0.00	25.00	32.45
247.00	25.00	0.00	25.00	32.45
248.00	25.00	0.00	25.00	32.45
249.00	25.00	0.00	25.00	32.45
250.00	25.00	0.00	25.00	32.45
251.00	25.00	0.00	25.00	32.45
252.00	25.00	0.00	25.00	32.45
253.00	25.00	0.00	25.00	32.45
254.00	25.00	0.00	25.00	32.45
255.00	25.00	0.00	25.00	32.45
256.00	25.00	0.00	25.00	32.45
257.00	25.00	0.00	25.00	32.45
258.00	25.00	0.00	25.00	32.45
259.00	25.00	0.00	25.00	32.45
260.00	25.00	0.00	25.00	32.45
261.00	25.00	0.00	25.00	32.45
262.00	25.00	0.00	25.00	32.45
263.00	25.00	0.00	25.00	32.45
264.00	25.00	0.00	25.00	32.45
265.00	25.00	0.00	25.00	32.45
266.00	25.00	2.22	22.78	32.45
267.00	25.00	2.22	22.78	33.40
268.00	25.00	1.78	23.22	34.03
269.00	25.00	1.18	23.82	34.47
270.00	25.00	2.04	22.96	34.71
271.00	25.00	3.72	21.28	35.42
272.00	25.00	5.25	19.75	36.72
273.00	25.00	7.14	17.86	38.43
274.00	25.00	6.34	18.66	40.72
275.00	25.00	5.69	19.31	42.39
276.00	25.00	3.45	21.55	43.91
277.00	25.00	1.20	23.80	44.55
278.00	25.00	-0.64	25.64	44.55
279.00	25.00	-1.91	26.91	44.10
280.00	25.00	-1.81	26.81	43.37
281.00	25.00	-1.17	26.17	42.88
282.00	25.00	-1.00	26.00	42.64
283.00	25.00	-0.76	25.76	42.39
284.00	25.00	-0.48	25.48	42.21
285.00	25.00	0.54	24.46	42.11
286.00	25.00	0.77	24.23	42.41
287.00	25.00	0.79	24.21	42.67
288.00	25.00	0.69	24.31	42.89
289.00	25.00	0.51	24.49	43.07
290.00	25.00	0.30	24.70	43.19
291.00	25.00	0.10	24.90	43.24
292.00	25.00	-0.06	25.06	43.24
293.00	25.00	-0.17	25.17	43.20
294.00	25.00	-0.22	25.22	43.13
295.00	25.00	-0.23	25.23	43.06
296.00	25.00	-0.20	25.20	43.00
297.00	25.00	-0.15	25.15	42.94
298.00	25.00	-0.09	25.09	42.91
299.00	25.00	-0.03	25.03	42.89
300.00	25.00	0.01	24.99	42.89
301.00	25.00	0.05	24.95	42.90
302.00	25.00	0.06	24.94	42.92
303.00	25.00	0.07	24.93	42.94
304.00	25.00	0.06	24.94	42.96
305.00	25.00	0.05	24.95	42.98
306.00	25.00	0.03	24.97	42.99
307.00	25.00	0.01	24.99	42.99
308.00	25.00	0.00	25.00	42.99
309.00	25.00	-0.01	25.01	42.99
310.00	25.00	-0.02	25.02	42.98
311.00	25.00	-0.02	25.02	42.98
312.00	25.00	-0.02	25.02	42.97
313.00	25.00	-0.01	25.01	42.97
314.00	25.00	-0.01	25.01	42.96
315.00	25.00	0.00	25.00	42.96
316.00	25.00	0.00	25.00	42.96
317.00	25.00	0.00	25.00	42.96
318.00	25.00	0.01	24.99	42.97
319.00	25.00	0.01	24.99	42.97
320.00	25.00	0.01	24.99	42.97
321.00	25.00	0.00	25.00	42.97
322.00	25.00	0.00	25.00	42.97
323.00	25.00	0.00	25.00	42.97
324.00	25.00	0.00	25.00	42.97
325.00	25.00	0.00	25.00	42.97
326.00	25.00	0.00	25.00	42.97
327.00	25.00	0.00	25.00	42.97
328.00	25.00	0.00	25.00	42.97
329.00	25.00	0.00	25.00	42.97
330.00	25.00	0.00	25.00	42.97
331.00	25.00	0.00	25.00	42.97
332.00	25.00	0.00	25.00	42.97
333.00	25.00	0.00	25.00	42.97
334.00	25.00	0.00	25.00	42.97
335.00	25.00	0.00	25.00	42.97
336.00	25.00	0.00	25.00	42.97
337.00	25.00	0.00	25.00	42.97
338.00	25.00	0.00	25.00	42.97
339.00	25.00	0.00	25.00	42.97
340.00	25.00	0.00	25.00	42.97
341.00	25.00	0.00	25.00	42.97
342.00	25.00	0.00	25.00	42.97
343.00	25.00	0.00	25.00	42.97
344.00	25.00	0.00	25.00	42.97
345.00	25.00	0.00	25.00	42.97
346.00	25.00	0.00	25.00	42.97
347.00	25.00	0.00	25.00	42.97
348.00	25.00	0.00	25.00	42.97
349.00	25.00	0.00	25.00	42.97
350.00	25.00	0.00	25.00	42.97
351.00	25.00	0.00	25.00	42.97
352.00	25.00	-0.74	25.74	42.97
353.00	25.00	-1.48	26.48	42.65
354.00	25.00	-2.82	27.82	42.12
355.00	25.00	-3.21	28.21	41.13
356.00	25.00	-3.25	28.25	40.16
357.00	25.00	-3.06	28.06	39.24
358.00	25.00	-2.72	27.72	38.41
359.00	25.00	-1.60	26.60	37.69
360.00	25.00	-1.97	26.97	37.40
361.00	25.00	-1.82	26.82	36.79
362.00	25.00	-1.66	26.66	36.30
363.00	25.00	-0.82	25.82	35.85
364.00	25.00	-0.04	25.04	35.74
365.00	25.00	-0.19	25.19	35.85
366.00	25.00	0.16	24.84	35.77
367.00	25.00	0.43	24.57	35.87
368.00	25.00	-0.17	25.17	36.03
369.00	25.00	-0.89	25.89	35.89
370.00	25.00	-0.81	25.81	35.54
371.00	25.00	-1.34	26.34	35.32
372.00	25.00	-1.83	26.83	34.86
373.00	25.00	-1.44	26.44	34.27
374.00	25.00	-1.64	26.64	33.92
375.00	25.00	-1.11	26.11	33.43
376.00	25.00	-1.25	26.25	33.20
377.00	25.00	-1.47	26.47	32.82
378.00	25.00	-0.95	25.95	32.37
379.00	25.00	-1.12	26.12	32.18
380.00	25.00	-0.63	25.63	31.84
381.00	25.00	-0.89	25.89	31.73
382.00	25.00	-0.50	25.50	31.45
383.00	25.00	-0.11	25.11	31.36
384.00	25.00	-0.54	25.54	31.39
385.00	25.00	-0.34	25.34	31.17
386.00	25.00	-0.84	25.84	31.11
387.00	25.00	-0.65	25.65	30.79
388.00	25.00	-0.38	25.38	30.64
389.00	25.00	-0.85	25.85	30.57
390.00	25.00	-1.38	26.38	30.26
391.00	25.00	-1.84	26.84	29.79
392.00	25.00	-2.16	27.16	29.21
393.00	25.00	-2.34	27.34	28.55
394.00	25.00	-2.39	27.39	27.86
395.00	25.00	-2.34	27.34	27.18
396.00	25.00	-1.47	26.47	26.52
397.00	25.00	-1.32	26.32	26.24
398.00	25.00	-2.05	27.05	25.89
399.00	25.00	-1.37	26.37	25.20
400.00	25.00	-0.59	25.59	24.91
401.00	25.00	0.08	24.92	24.86
402.00	25.00	0.56	24.44	24.98
403.00	25.00	0.83	24.17	25.21
404.00	25.00	0.91	24.09	25.49
405.00	25.00	0.83	24.17	25.76
406.00	25.00	0.65	24.35	25.98
407.00	25.00	-0.32	25.32	26.14
408.00	25.00	-0.55	25.55	25.91
409.00	25.00	-0.60	25.60	25.72
410.00	25.00	-0.55	25.55	25.54
411.00	25.00	-0.43	25.43	25.39
412.00	25.00	-0.27	25.27	25.29
413.00	25.00	-0.12	25.12	25.24
414.00	25.00	0.01	24.99	25.22
415.00	25.00	0.11	24.89	25.25
416.00	25.00	0.16	24.84	25.29
417.00	25.00	0.18	24.82	25.34
418.00	25.00	0.16	24.84	25.40
419.00	25.00	0.13	24.87	25.44
420.00	25.00	0.08	24.92	25.47
421.00	25.00	0.04	24.96	25.49
422.00	25.00	0.00	25.00	25.49
423.00	25.00	-0.03	25.03	25.48
424.00	25.00	-0.05	25.05	25.47
425.00	25.00	-0.05	25.05	25.46
426.00	25.00	-0.05	25.05	25.44
427.00	25.00	-0.04	25.04	25.43
428.00	25.00	-0.03	25.03	25.42
429.00	25.00	-0.01	25.01	25.41
430.00	25.00	0.00	25.00	25.41
431.00	25.00	0.01	24.99	25.41
432.00	25.00	0.01	24.99	25.42
433.00	25.00	0.01	24.99	25.42
434.00	25.00	0.01	24.99	25.43
435.00	25.00	0.01	24.99	25.43
436.00	25.00	0.01	24.99	25.43
437.00	25.00	0.00	25.00	25.44
438.00	25.00	0.00	25.00	25.44
439.00	25.00	0.00	25.00	25.44
440.00	25.00	0.00	25.00	25.43
441.00	25.00	0.00	25.00	25.43
442.00	25.00	0.00	25.00	25.43
443.00	25.00	0.00	25.00	25.43
444.00	25.00	0.00	25.00	25.43
445.00	25.00	0.00	25.00	25.43
446.00	25.00	0.00	25.00	25.43
447.00	25.00	0.00	25.00	25.43
448.00	25.00	0.00	25.00	25.43
449.00	25.00	0.00	25.00	25.43
450.00	25.00	0.00	25.00	25.43
451.00	25.00	0.00	25.00	25.43
452.00	25.00	0.00	25.00	25.43
453.00	25.00	0.00	25.00	25.43
454.00	25.00	0.00	25.00	25.43
455.00	25.00	0.00	25.00	25.43
456.00	25.00	0.00	25.00	25.43
457.00	25.00	0.00	25.00	25.43
458.00	25.00	0.00	25.00	25.43
459.00	25.00	0.00	25.00	25.43
460.00	25.00	0.00	25.00	25.43
461.00	25.00	0.00	25.00	25.43
462.00	25.00	0.00	25.00	25.43
463.00	25.00	0.00	25.00	25.43
464.00	25.00	0.00	25.00	25.43
465.00	25.00	0.00	25.00	25.43
466.00	25.00	0.00	25.00	25.43
467.00	25.00	0.00	25.00	25.43
468.00	25.00	0.00	25.00	25.43
469.00	25.00	0.00	25.00	25.43
470.00	25.00	0.00	25.00	25.43
471.00	25.00	0.00	25.00	25.43
472.00	25.00	0.00	25.00	25.43
473.00	25.00	0.00	25.00	25.43
474.00	25.00	0.00	25.00	25.43
475.00	25.00	0.00	25.00	25.43
476.00	25.00	0.00	25.00	25.43
477.00	25.00	0.00	25.00	25.43
478.00	25.00	0.00	25.00	25.43
479.00	25.00	0.00	25.00	25.43
480.00	25.00	0.00	25.00	25.43
481.00	25.00	0.00	25.00	25.43
482.00	25.00	0.00	25.00	25.43
483.00	25.00	0.00	25.00	25.43
484.00	25.00	0.00	25.00	25.43
485.00	25.00	0.00	25.00	25.43
486.00	25.00	0.00	25.00	25.43
487.00	25.00	0.00	25.00	25.43
488.00	25.00	0.00	25.00	25.43
489.00	25.00	0.00	25.00	25.43
490.00	25.00	0.00	25.00	25.43
491.00	25.00	0.00	25.00	25.43
492.00	25.00	0.00	25.00	25.43
493.00	25.00	0.00	25.00	25.43
494.00	25.00	0.00	25.00	25.43
495.00	25.00	0.00	25.00	25.43
496.00	25.00	0.00	25.00	25.43
497.00	25.00	0.00	25.00	25.43
498.00	25.00	0.00	25.00	25.43
499.00	25.00	0.00	25.00	25.43
500.00	25.00	0.00	25.00	25.43
501.00	25.00	0.00	25.00	25.43
502.00	25.00	0.00	25.00	25.43
503.00	25.00	0.00	25.00	25.43
504.00	25.00	0.00	25.00	25.43
505.00	25.00	0.00	25.00	25.43
506.00	25.00	0.00	25.00	25.43
507.00	25.00	0.00	25.00	25.43
508.00	25.00	0.00	25.00	25.43
509.00	25.00	0.00	25.00	25.43
510.00	25.00	0.00	25.00	25.43
511.00	25.00	0.00	25.00	25.43
512.00	25.00	0.00	25.00	25.43
513.00	25.00	0.00	25.00	25.43
514.00	25.00	0.00	25.00	25.43
515.00	25.00	0.00	25.00	25.43
516.00	25.00	0.00	25.00	25.43
517.00	25.00	0.00	25.00	25.43
518.00	25.00	0.00	25.00	25.43
519.00	25.00	0.00	25.00	25.43
520.00	25.00	0.00	25.00	25.43
521.00	25.00	0.00	25.00	25.43
522.00	25.00	0.00	25.00	25.43
523.00	25.00	0.00	25.00	25.43
524.00	25.00	0.00	25.00	25.43
525.00	25.00	0.00	25.00	25.43
526.00	25.00	0.00	25.00	25.43
527.00	25.00	0.00	25.00	25.43
528.00	25.00	0.00	25.00	25.43
529.00	25.00	0.00	25.00	25.43
530.00	25.00	0.00	25.00	25.43
531.00	25.00	0.00	25.00	25.43
532.00	25.00	0.00	25.00	25.43
533.00	25.00	0.00	25.00	25.43
534.00	25.00	0.00	25.00	25.43
535.00	25.00	0.00	25.00	25.43
536.00	25.00	0.00	25.00	25.43
537.00	25.00	-2.96	27.96	25.43
538.00	25.00	-3.70	28.70	24.16
539.00	25.00	-5.34	30.34	23.00
540.00	25.00	-5.13	30.13	21.25
541.00	25.00	-4.41	29.41	19.83
542.00	25.00	-3.47	28.47	18.69
543.00	25.00	-3.27	28.27	17.85
544.00	25.00	-2.47	27.47	16.96
545.00	25.00	-1.73	26.73	16.38
546.00	25.00	-1.20	26.20	16.00
547.00	25.00	-0.14	25.14	15.74
548.00	25.00	0.69	24.31	15.86
549.00	25.00	1.21	23.79	16.18
550.00	25.00	0.68	24.32	16.60
551.00	25.00	0.62	24.38	16.71
552.00	25.00	0.52	24.48	16.87
553.00	25.00	0.37	24.63	17.00
554.00	25.00	0.21	24.79	17.09
555.00	25.00	0.06	24.94	17.12
556.00	25.00	-0.06	25.06	17.12
557.00	25.00	-0.14	25.14	17.08
558.00	25.00	-0.18	25.18	17.03
559.00	25.00	-0.18	25.18	16.98
560.00	25.00	-0.15	25.15	16.93
561.00	25.00	-0.11	25.11	16.89
562.00	25.00	-0.06	25.07	16.86
563.00	25.00	-0.02	25.02	16.85
564.00	25.00	0.01	24.99	16.85
565.00	25.00	0.04	24.96	16.86
566.00	25.00	0.05	24.95	16.88
567.00	25.00	0.05	24.95	16.89
568.00	25.00	0.05	24.95	16.91
569.00	25.00	0.03	24.97	16.92
570.00	25.00	0.02	24.98	16.93
571.00	25.00	0.01	24.99	16.93
572.00	25.00	0.00	25.00	16.93
573.00	25.00	-0.01	25.01	16.93
574.00	25.00	-0.01	25.01	16.92
575.00	25.00	-0.02	25.02	16.92
576.00	25.00	-0.01	25.01	16.91
577.00	25.00	-0.01	25.01	16.91
578.00	25.00	-0.01	25.01	16.91
579.00	25.00	0.00	25.00	16.91
580.00	25.00	0.00	25.00	16.91
581.00	25.00	0.00	25.00	16.91
582.00	25.00	0.00	25.00	16.91
583.00	25.00	0.00	25.00	16.91
584.00	25.00	0.00	25.00	16.91
585.00	25.00	0.00	25.00	16.91
586.00	25.00	0.00	25.00	16.91
587.00	25.00	0.00	25.00	16.91
588.00	25.00	0.00	25.00	16.91
589.00	25.00	0.00	25.00	16.91
590.00	25.00	0.00	25.00	16.91
591.00	25.00	0.00	25.00	16.91
592.00	25.00	0.00	25.00	16.91
593.00	25.00	0.00	25.00	16.91
594.00	25.00	0.00	25.00	16.91
595.00	25.00	0.00	25.00	16.91
596.00	25.00	0.00	25.00	16.91
597.00	25.00	0.00	25.00	16.91
598.00	25.00	0.00	25.00	16.91
599.00	25.00	0.00	25.00	16.91
600.00	25.00	0.00	25.00	16.91
601.00	25.00	0.00	25.00	16.91
602.00	25.00	0.00	25.00	16.91
603.00	25.00	0.00	25.00	16.91
604.00	25.00	0.00	25.00	16.91
605.00	25.00	0.00	25.00	16.91
606.00	25.00	0.00	25.00	16.91
607.00	25.00	0.00	25.00	16.91
608.00	25.00	0.00	25.00	16.91
609.00	25.00	0.00	25.00	16.91
610.00	25.00	0.00	25.00	16.91
611.00	25.00	0.00	25.00	16.91
612.00	25.00	0.00	25.00	16.91
613.00	25.00	0.00	25.00	16.91
614.00	25.00	0.00	25.00	16.91
615.00	25.00	0.00	25.00	16.91
616.00	25.00	0.00	25.00	16.91
617.00	25.00	0.00	25.00	16.91
618.00	25.00	0.00	25.00	16.91
619.00	25.00	0.00	25.00	16.91
620.00	25.00	0.00	25.00	16.91
621.00	25.00	0.00	25.00	16.91
622.00	25.00	0.00	25.00	16.91
623.00	25.00	0.00	25.00	16.91
624.00	25.00	0.00	25.00	16.91
625.00	25.00	0.00	25.00	16.91
626.00	25.00	0.00	25.00	16.91
627.00	25.00	0.00	25.00	16.91
628.00	25.00	0.00	25.00	16.91
629.00	25.00	0.00	25.00	16.91
630.00	25.00	0.00	25.00	16.91
631.00	25.00	0.00	25.00	16.91
632.00	25.00	0.00	25.00	16.91
633.00	25.00	0.00	25.00	16.91
634.00	25.00	0.00	25.00	16.91
635.00	25.00	0.00	25.00	16.91
636.00	25.00	0.00	25.00	16.91
637.00	25.00	0.00	25.00	16.91
638.00	25.00	0.00	25.00	16.91
639.00	25.00	0.00	25.00	16.91
640.00	25.00	0.00	25.00	16.91
641.00	25.00	0.00	25.00	16.91
642.00	25.00	0.00	25.00	16.91
643.00	25.00	0.00	25.00	16.91
644.00	25.00	0.00	25.00	16.91
645.00	25.00	0.00	25.00	16.91
646.00	25.00	0.00	25.00	16.91
647.00	25.00	0.00	25.00	16.91
648.00	25.00	0.00	25.00	16.91
649.00	25.00	0.00	25.00	16.91
650.00	25.00	0.00	25.00	16.91
651.00	25.00	0.00	25.00	16.91
652.00	25.00	0.00	25.00	16.91
653.00	25.00	0.00	25.00	16.91
654.00	25.00	0.00	25.00	16.91
655.00	25.00	0.00	25.00	16.91
656.00	25.00	0.00	25.00	16.91
657.00	25.00	0.00	25.00	16.91
658.00	25.00	0.00	25.00	16.91
659.00	25.00	0.00	25.00	16.91
660.00	25.00	0.00	25.00	16.91
661.00	25.00	0.00	25.00	16.91
662.00	25.00	0.00	25.00	16.91
663.00	25.00	0.00	25.00	16.91
664.00	25.00	0.00	25.00	16.91
665.00	25.00	0.00	25.00	16.91
666.00	25.00	0.00	25.00	16.91
667.00	25.00	0.00	25.00	16.91
668.00	25.00	0.00	25.00	16.91
669.00	25.00	0.00	25.00	16.91
670.00	25.00	0.00	25.00	16.91
671.00	25.00	0.00	25.00	16.91
672.00	25.00	0.00	25.00	16.91
673.00	25.00	0.00	25.00	16.91
674.00	25.00	0.00	25.00	16.91
675.00	25.00	0.00	25.00	16.91
676.00	25.00	0.00	25.00	16.91
677.00	25.00	0.00	25.00	16.91
678.00	25.00	0.00	25.00	16.91
679.00	25.00	0.00	25.00	16.91
680.00	25.00	0.00	25.00	16.91
681.00	25.00	0.00	25.00	16.91
682.00	25.00	0.00	25.00	16.91
683.00	25.00	0.00	25.00	16.91
684.00	25.00	0.00	25.00	16.91
685.00	25.00	0.00	25.00	16.91
686.00	25.00	0.00	25.00	16.91
687.00	25.00	0.00	25.00	16.91
688.00	25.00	0.00	25.00	16.91
689.00	25.00	0.00	25.00	16.91
690.00	25.00	0.00	25.00	16.91
691.00	25.00	0.00	25.00	16.91
692.00	25.00	0.00	25.00	16.91
693.00	25.00	0.00	25.00	16.91
694.00	25.00	0.00	25.00	16.91
